1 -0.0176811 -0.00979533
2 -0.0344689 -0.0272337
3 -0.0443262 -0.0184203
4 -0.0523096 -0.0239225
5 -0.0335324 0.00843788
6 -0.0163069 0.0120375
7 -0.00584746 0.00840332
8 -0.00406635 0.000255291
9 -0.0394241 -0.0475303
10 -0.000620074 0.0382721
11 0.0685515 0.0894596
12 0.0671254 0.0185013
13 0.0302666 -0.0279588
14 -0.051609 -0.0975899
15 -0.129739 -0.117413
16 -0.0670293 0.0421725
17 -0.0487011 0.00324079
18 -0.0593626 -0.0290067
19 -0.0861019 -0.0531924
20 0.0953025 0.209468
21 0.0446672 -0.0377176
22 1.57424 1.2
23 -0.026727 -1.2
24 -3.10781 -1.2
25 -0.0502609 1.2
26 -0.0498191 -0.0166469
27 -0.0445509 -0.0102846
28 -3.11144 -1.2
29 -3.10842 -0.93792
30 -3.11086 -0.947215
31 3.07437 1.2
32 2.92294 0.719925
33 2.86873 0.803766
34 2.87142 0.864337
35 2.91214 0.91749
36 2.96961 0.954454
37 2.91505 0.828973
38 -0.250467 -1.2
39 2.94962 1.2
40 3.00471 0.971216
41 3.06657 0.999614
42 3.127 1.01945
43 -3.11305 -1.2
44 -3.07753 -0.873011
45 -3.04969 -0.8754
46 0.0200026 1.2
47 -3.03705 -1.2
48 0.014583 1.2
49 -3.04968 -1.2
50 0.00579631 1.2
51 0.0136544 0.017595
52 -3.03258 -1.2
53 -3.04564 -0.927189
54 -3.0414 -0.911655
55 -3.0536 -0.934815
56 -3.05964 -0.924426
57 -3.06155 -0.929969
58 1.53989 1.2
59 -3.06365 -1.2
60 -3.13344 -1.02408
61 3.1148 1.2
62 3.11071 0.921105
63 3.12527 0.947238
64 3.12425 0.934475
65 -3.12571 -1.2
66 2.21455 1.2
67 2.13499 0.560377
68 -2.97455 -1.2
69 2.24263 1.2
70 -2.95794 -1.2
71 2.21266 1.2
72 2.19006 0.634579
73 2.16197 0.622824
74 -3.00159 -1.2
75 2.13593 0.640099
76 2.10645 0.620729
77 -3.08203 -0.921076
78 -3.10732 -0.95706
79 -3.11196 -0.940912
80 -3.09674 -0.919591
81 1.99619 1.2
82 3.11796 1.2
83 3.10548 0.921596
84 -3.10017 -1.2
85 -3.10041 -0.934125
86 -3.09257 -0.926793
87 -3.08059 -0.922137
88 -3.0991 -0.961269
89 -3.07449 -0.913848
90 2.47619 1.2
91 3.12978 1.2
92 -0.0184901 -1.2
93 -3.01893 -1.2
94 -3.01145 -0.909382
95 -2.95639 -0.84824
96 -2.9589 -0.904048
97 -2.95639 -0.903753
98 2.59578 0.759399
99 -2.94118 -0.901689
100 -2.92498 -0.900204
101 -2.93067 -0.915936
102 -3.12175 -1.16176
103 2.93016 1.2
104 2.89805 0.838183
105 2.93016 0.847815
106 2.89548 0.837409
107 2.93016 0.847815
108 2.96027 0.856849
109 2.93353 0.848827
110 2.88709 0.834894
111 2.92703 0.846877
112 2.88487 0.834228
113 2.92703 0.846876
114 2.88329 0.833753
115 2.92703 0.846876
116 2.94296 0.851655
117 2.93354 0.848827
118 2.88182 0.784478
119 2.92704 0.849762
120 2.9542 0.85791
121 2.92737 0.849859
122 2.95427 0.857929
123 2.92703 0.849758
124 3.08631 0.897543
125 2.93355 0.851713
126 2.92207 0.84827
127 2.92708 0.849772
128 2.9192 0.847408
129 2.92771 0.849962
130 2.95422 0.857915
131 2.92703 0.849758
132 3.12305 0.908565
133 2.93358 0.851724
134 2.95895 0.859333
135 2.92712 0.849785
136 2.95616 0.858497
137 2.92805 0.850064
138 2.93828 0.853131
139 2.92703 0.849758
140 3.12575 0.909374
141 2.96281 0.860491
142 2.94152 0.854104
143 2.9417 0.854159
144 2.94167 0.85415
145 2.94331 0.854642
146 2.94152 0.854105
147 2.94152 0.854104
148 3.11587 0.906409
149 2.9503 0.85674
150 2.37769 0.684954
151 2.87083 0.832897
152 2.94167 0.854149
153 2.94377 0.85478
154 2.94149 0.854096
155 2.94152 0.854105
156 3.11921 0.907413
157 2.95045 0.856783
158 2.37458 0.684021
159 2.94151 0.854101
160 2.27175 0.653174
161 2.87325 0.833624
162 2.94151 0.854101
163 -0.33768 -0.129655
164 -0.33768 -0.129655
165 2.89317 0.839599
166 2.91593 0.846427
167 2.91624 0.84652
168 2.24372 -0.0255122
169 2.84864 0.828484
170 2.91624 0.848764
171 2.9179 0.849262
172 2.87834 0.837395
173 2.74524 0.797466
174 3.02826 1.16842
175 2.70153 0.629417
176 2.07672 -0.0173918
177 2.08596 0.610189
178 2.07719 0.607559
179 2.06542 0.604028
180 2.29458 0.672774
181 2.73896 0.806089
182 2.15062 0.629587
183 2.65636 0.781309
184 2.72703 0.802508
185 2.73679 0.805437
186 2.72748 0.802646
187 2.71182 0.797946
188 2.72702 0.802507
189 2.72703 0.802509
190 2.14755 0.628666
191 2.65647 0.781341
192 -0.794599 -0.253979
193 -0.626445 -0.203533
194 -0.78998 -0.252594
195 -0.609143 -0.198343
196 -0.784909 -0.251073
197 -0.625726 -0.203317
198 0.336441 0.0853327
199 -0.563705 -0.184711
200 -0.777179 -0.248753
201 -0.625863 -0.203359
202 -0.773764 -0.247729
203 -0.605246 -0.197173
204 -0.769389 -0.246416
205 -0.624954 -0.203086
206 0.307796 0.0767391
207 -0.56351 -0.184653
208 -0.761442 -0.244032
209 -0.624803 -0.203041
210 2.72714 0.802542
211 -0.601261 -0.195978
212 2.72693 0.802478
213 -0.624215 -0.202864
214 2.13259 0.624178
215 -0.563421 -0.184626
216 2.73068 0.803605
217 -0.624239 -0.202871
218 2.73109 0.803727
219 -0.597454 -0.194836
220 2.72691 0.802474
221 -0.623716 -0.202715
222 2.13538 0.625013
223 -0.563374 -0.184612
224 2.72651 1.2
225 -0.623567 -0.199943
226 2.72683 0.805176
227 -0.593583 -0.190948
228 2.72868 0.805731
229 -0.622709 -0.199686
230 2.13236 0.626833
231 2.65735 0.784331
232 2.72703 0.805237
233 2.72748 0.805372
234 2.72698 0.805221
235 2.68893 0.793804
236 2.7269 0.805198
237 2.72703 0.805237
238 2.12934 0.62593
239 2.65873 0.784747
240 2.72703 0.805237
241 2.7306 0.806305
242 2.72693 0.805205
243 2.68707 0.793249
244 2.72691 0.805201
245 2.73017 0.806177
246 2.12634 0.62503
247 2.6589 0.784798
248 2.72703 0.805236
249 2.73054 0.806289
250 2.72688 0.805191
251 2.68314 0.792069
252 2.72683 0.805175
253 2.73017 0.806178
254 1.6498 0.482067
255 2.65905 0.784841
256 2.72703 0.805237
257 2.73047 0.806267
258 2.72694 0.805208
259 2.67921 0.790889
260 2.72684 0.805177
261 2.73017 0.806177
262 1.64214 0.479769
263 2.65916 0.784874
264 2.72703 0.805237
265 2.73038 0.806241
266 2.72686 0.805183
267 2.67527 0.789708
268 2.72686 0.805186
269 2.73017 0.806178
270 1.63457 0.477497
271 2.65923 0.784895
272 2.72704 0.805238
273 2.73029 0.806213
274 2.72679 0.805164
275 2.67133 0.788526
276 2.72704 0.80524
277 3.10045 0.917261
278 2.11442 0.621452
279 2.65804 1.2
280 2.72704 0.807896
281 2.72706 0.807904
282 2.66166 0.788282
283 2.60078 0.770017
284 2.66192 0.788362
285 2.66186 0.788344
286 2.04628 0.603668
287 2.59285 0.767641
288 2.66186 0.788343
289 2.66181 0.788326
290 2.66483 0.789233
291 2.59827 0.769266
292 2.66513 0.789323
293 2.665 0.789284
294 2.03147 0.599227
295 2.59404 0.767996
296 1.9624 0.578506
297 2.606 0.771584
298 2.66187 0.788345
299 2.6718 0.791325
300 2.66061 0.787967
301 2.49526 0.738363
302 2.95814 0.877228
303 2.55557 0.756456
304 1.84488 0.543248
305 2.49228 0.737469
306 2.54699 0.753883
307 2.55679 0.75682
308 2.54554 0.753447
309 2.49126 0.737164
310 2.96784 0.880136
311 2.55558 0.756458
312 1.84218 0.542438
313 2.49317 0.737736
314 2.54699 0.753883
315 2.55658 0.756759
316 2.54547 0.753427
317 2.48727 0.735965
318 2.97807 0.883204
319 2.55559 0.756462
320 1.83947 0.541626
321 2.49379 0.737921
322 2.54701 0.753889
323 2.55639 0.756703
324 2.54557 0.753457
325 2.48328 0.73477
326 2.98886 0.886441
327 2.55561 0.756469
328 1.83673 0.540805
329 2.49412 0.73802
330 2.54701 0.753889
331 2.55627 0.756665
332 2.54584 0.753536
333 2.47928 0.733569
334 2.54784 0.825242
335 2.54701 0.756437
336 1.834 0.542531
337 2.49422 0.740597
338 -2.56477 -0.777099
339 -0.804267 -0.248947
340 -2.50168 -0.75817
341 -0.742013 -0.230271
342 -2.43295 -0.737553
343 -0.80385 -0.248822
344 0.878824 0.25598
345 -0.758171 -0.235119
346 -2.30292 -0.698544
347 -0.803465 -0.248707
348 -2.2364 -0.678587
349 -0.73838 -0.229181
350 -2.17111 -0.658999
351 -0.803463 -0.248706
352 -2.10204 -0.63828
353 -0.803456 -0.248704
354 0.817536 0.237593
355 -0.743629 -0.230756
356 2.54702 0.756437
357 -0.80341 -0.24869
358 2.54702 0.756438
359 -0.803589 -0.248744
360 2.54598 0.756127
361 -0.80366 -0.248765
362 1.89102 0.559637
363 -0.743687 -0.230773
364 2.54662 0.756318
365 -0.803637 -0.248758
366 2.54595 0.756117
367 -0.800566 -0.247837
368 2.54587 0.756094
369 -0.80393 -0.248846
370 1.88826 0.558812
371 -0.743641 -0.23076
372 2.54699 0.75643
373 -0.8036 -0.248747
374 2.54637 0.756243
375 -0.797342 -0.24687
376 2.54654 0.756294
377 2.54699 0.75643
378 1.88552 0.557989
379 2.4771 0.735462
380 2.54719 0.756489
381 2.54645 0.756268
382 2.54642 0.75626
383 2.38787 0.708693
384 2.40901 0.715036
385 2.41604 0.717144
386 1.69554 0.500994
387 2.33535 0.692939
388 2.40989 0.715298
389 2.41533 0.716932
390 2.40958 0.711859
391 2.39926 0.714519
392 2.41111 0.718074
393 2.41753 0.720002
394 1.68402 0.499947
395 2.33534 0.695344
396 2.41227 0.718422
397 2.41706 0.71986
398 2.41173 0.718261
399 2.39626 0.713621
400 2.4129 0.718613
401 2.41907 0.720462
402 1.70305 0.505657
403 2.33506 0.69526
404 2.39942 0.714568
405 2.41789 0.72011
406 2.40614 0.716584
407 2.39311 0.712676
408 2.40812 0.717177
409 2.39942 0.714568
410 1.72665 0.512738
411 2.32694 0.692825
412 2.40337 0.715753
413 2.39706 0.71386
414 0.716388 0.209659
415 2.4015 0.715191
416 2.39998 0.714737
417 2.39959 0.71462
418 2.3769 0.707813
419 2.37367 0.706843
420 -0.876356 -0.268165
421 2.31344 0.688775
422 2.37633 0.707642
423 2.29404 0.682955
424 2.37786 0.7081
425 2.31136 0.68815
426 2.37758 0.708015
427 2.34111 0.697075
428 -1.03445 -0.315593
429 2.31118 0.688096
430 1.56097 0.463033
431 2.38065 0.708937
432 1.4871 0.440872
433 2.38612 0.710579
434 2.37758 0.708015
435 2.37763 0.708031
436 2.37666 0.70774
437 2.37763 0.708031
438 2.37765 0.708036
439 2.35056 0.699909
440 2.37769 0.708048
441 2.33458 0.695117
442 1.27139 0.376159
443 2.37765 0.708037
444 2.37986 0.708701
445 2.32257 0.691515
446 2.37555 0.762762
447 2.37717 0.71027
448 1.75543 0.523746
449 2.30044 0.687251
450 2.3788 0.710757
451 2.38782 0.713465
452 -1.03201 -0.312484
453 2.33674 0.698139
454 2.37785 0.710474
455 2.3891 0.713847
456 2.37765 0.710413
457 2.31138 0.690531
458 -0.999223 -0.302649
459 2.38959 0.713994
460 1.06236 0.315827
461 2.34447 0.700459
462 -1.08285 -0.327739
463 2.29515 0.685663
464 2.29791 0.686492
465 2.27853 0.680676
466 2.29906 0.686836
467 2.25151 0.67257
468 2.2974 0.686338
469 2.30771 0.689432
470 2.30021 0.687182
471 2.19882 0.656764
472 1.20945 0.359952
473 2.23222 0.666782
474 2.2969 0.686188
475 2.29906 0.686835
476 2.29871 0.686732
477 2.23186 0.666677
478 1.52429 0.454406
479 2.30458 0.688493
480 2.29907 0.686839
481 2.27405 0.679333
482 2.29681 0.686162
483 2.30369 0.688226
484 2.29921 0.686881
485 2.24105 0.669433
486 0.887347 0.263322
487 2.29906 0.686835
488 2.29909 0.686846
489 2.27606 0.679936
490 2.297 0.686219
491 2.30246 0.687856
492 2.29955 0.686983
493 2.23664 0.668109
494 1.51906 0.452837
495 2.29906 0.686836
496 2.29907 0.68684
497 2.27747 0.68036
498 2.29744 0.686348
499 2.30117 0.687469
500 2.30018 0.687172
501 2.22938 0.597365
502 1.00925 0.302123
503 2.21602 0.664152
504 2.75938 0.82716
505 2.23327 0.669327
506 2.29905 0.689062
507 2.29997 0.689338
508 2.29694 0.688429
509 2.30362 0.690432
510 2.30072 0.689563
511 2.23501 0.669849
512 1.16846 0.349885
513 2.23206 0.668965
514 2.29905 0.689063
515 2.30044 0.689478
516 2.30079 0.689583
517 2.22347 0.666389
518 2.30161 0.689831
519 2.29927 0.689128
520 2.74972 0.824263
521 2.30786 0.691705
522 2.29877 0.68898
523 2.30055 0.689512
524 2.29709 0.688474
525 2.22195 0.665933
526 2.29886 0.689007
527 2.16251 0.648101
528 2.16186 0.647906
529 2.16232 0.648042
530 1.09269 0.327155
531 2.16374 0.648469
532 2.16232 0.648043
533 2.15076 0.644574
534 2.16202 0.647952
535 2.1624 0.648067
536 -0.356742 -0.107675
537 2.16872 0.649964
538 -1.29979 -0.39059
539 2.16843 0.649875
540 2.16235 0.648054
541 2.08157 0.62382
542 2.16206 0.647965
543 2.16124 0.647721
544 1.01504 0.30386
545 2.17349 0.651394
546 0.186687 0.0553533
547 2.16202 0.647953
548 2.68955 0.806212
549 2.14972 0.644264
550 2.16198 0.64794
551 2.16232 0.648045
552 2.16546 0.648985
553 2.16232 0.648045
554 -1.29693 -0.389732
555 2.15778 0.646682
556 2.16263 0.648137
557 2.14181 0.641892
558 2.16202 0.670317
559 2.1612 0.649868
560 2.45783 0.738859
561 2.16615 0.651353
562 0.183947 0.0566934
563 2.13016 0.640557
564 2.16242 0.650235
565 2.16203 0.650118
566 2.1621 0.650138
567 2.16211 0.650143
568 1.44379 0.434646
569 2.1732 0.65347
570 -1.29416 -0.386739
571 2.16233 0.650209
572 2.16221 0.650171
573 2.1432 0.644468
574 2.16212 0.650146
575 2.16233 0.650208
576 2.69352 0.809565
577 2.15092 0.646787
578 0.181258 0.0558866
579 2.16266 0.650307
580 2.16547 0.651149
581 2.12753 0.639769
582 2.1623 0.650198
583 2.1449 0.644978
584 -0.353981 -0.104685
585 2.16235 0.650213
586 -1.29146 -0.385929
587 2.15673 0.648529
588 2.16237 0.650219
589 2.17288 0.653373
590 2.16231 0.650201
591 2.09242 0.629235
592 1.00955 0.304374
593 2.1521 0.647138
594 0.178603 0.05509
595 2.15667 0.648509
596 2.16234 0.650212
597 2.12454 0.638871
598 2.16253 0.650268
599 2.16233 0.650208
600 -1.58065 -0.472686
601 2.16233 0.650208
602 -1.28883 -0.385139
603 2.15829 0.648996
604 2.16233 0.650208
605 2.11529 0.636097
606 2.16253 0.650268
607 2.1369 0.642579
608 0.644555 0.194876
609 2.13564 0.642201
610 0.175958 0.0542966
611 2.10434 0.632813
612 2.16214 0.65015
613 2.16181 0.650053
614 2.16274 0.653418
615 2.09403 0.631882
616 1.42827 0.432154
617 2.17266 0.655471
618 -1.28625 -0.382203
619 2.13655 0.644637
620 2.16238 0.652386
621 2.14335 0.646677
622 2.16272 0.652487
623 2.16234 0.652374
624 2.76407 0.832892
625 2.12805 0.642086
626 0.173344 0.0556753
627 2.16223 0.65234
628 2.16234 0.652374
629 2.10453 0.63503
630 2.16287 0.652533
631 2.12045 0.639807
632 -0.354264 -0.102607
633 2.16218 0.652326
634 -1.28372 -0.381445
635 2.13226 0.643349
636 2.16235 0.652376
637 2.17308 0.655597
638 2.16283 0.652522
639 2.09445 0.632006
640 1.00361 0.304755
641 2.12688 0.641736
642 0.170724 0.0548891
643 2.16236 0.652379
644 2.16227 0.652354
645 2.09967 0.633574
646 2.16285 0.652526
647 2.16234 0.652375
648 0.993941 0.301854
649 2.16234 0.652375
650 -1.28126 -0.380706
651 2.16223 0.65234
652 2.1621 0.652303
653 2.08857 0.630243
654 2.1628 0.652512
655 2.10474 0.635095
656 2.67596 0.806459
657 2.11262 0.637459
658 0.75579 0.230409
659 2.11189 0.637239
660 2.16259 0.65245
661 2.16613 0.653511
662 1.98813 0.60011
663 1.93976 0.585601
664 1.98886 0.60033
665 1.98954 0.600533
666 0.574279 -1.2
667 1.94029 0.586334
668 1.98953 0.601107
669 1.99239 0.601963
670 1.98789 0.600612
671 1.93576 0.584976
672 1.98914 0.600988
673 1.98953 0.601106
674 0.565855 0.174003
675 1.94142 0.586673
676 1.98953 0.601106
677 1.99162 0.601734
678 1.98779 0.600582
679 1.93174 0.583767
680 1.9895 0.601095
681 1.98953 0.601106
682 0.55746 0.171484
683 1.9422 0.586907
684 1.98953 0.601106
685 1.99086 0.601504
686 1.98786 0.600606
687 1.92767 0.582549
688 1.98993 0.601224
689 1.98953 0.601106
690 0.549115 0.168981
691 1.94264 0.587039
692 1.98954 0.601107
693 1.99017 0.601298
694 1.98815 0.600691
695 1.92358 0.58132
696 1.99043 0.601375
697 1.98954 0.601108
698 0.540804 0.166488
699 1.94281 0.587089
700 1.98954 0.601108
701 1.98967 0.601146
702 1.98868 0.60085
703 1.91945 0.58008
704 1.99099 0.601544
705 1.98952 0.601102
706 0.532574 0.164018
707 1.94279 0.587083
708 1.98952 0.601103
709 1.98943 0.601076
710 1.98946 0.601084
711 1.91526 0.578824
712 1.99165 0.60174
713 1.98952 0.601103
714 2.61283 0.788095
715 1.99707 0.603367
716 1.34762 0.408531
717 1.92011 0.58028
718 1.98948 0.601091
719 1.99774 0.60357
720 1.9896 0.601126
721 1.98952 0.603018
722 2.63311 0.796168
723 1.91057 0.579408
724 1.99117 0.603586
725 1.96872 0.596851
726 -1.38058 -0.407939
727 1.97302 0.598142
728 2.6761 0.809066
729 2.686 0.812037
730 -0.747544 -0.218027
731 2.66014 0.804278
732 2.6761 0.809066
733 2.6761 0.809066
734 1.88548 0.571879
735 2.65166 0.801732
736 2.6759 0.809007
737 2.68154 0.810697
738 1.5238 0.463375
739 2.63949 0.798082
740 2.67566 0.808933
741 2.65479 0.802673
742 1.5662 0.476097
743 2.68009 0.810263
744 2.67611 0.80907
745 2.64555 0.799901
746 2.67678 0.80927
747 2.68131 0.810628
748 2.67692 0.809313
749 2.64312 0.799172
750 2.67674 0.809258
751 2.60295 0.78712
752 2.67603 0.809044
753 2.67404 0.808448
754 -0.711775 -0.207297
755 2.67598 0.809029
756 2.67563 0.808926
757 2.66822 0.8067
758 0.66408 0.20546
759 2.68854 0.812799
760 2.67613 0.809074
761 2.67307 0.808155
762 -0.863329 -0.252763
763 2.639 0.797937
764 2.6091 0.788966
765 2.60713 0.788374
766 2.58045 0.780372
767 2.60768 0.78854
768 2.60777 0.788568
769 2.61381 0.790379
770 2.60775 0.78856
771 2.5561 0.773065
772 2.60768 0.78854
773 2.59378 0.784369
774 1.3947 0.424645
775 2.60742 0.788461
776 1.42722 -0.74437
777 2.60756 0.789932
778 2.60771 0.789975
779 2.60986 0.790621
780 2.60787 0.790024
781 2.55807 0.775085
782 2.60739 0.789879
783 2.53804 0.769075
784 2.60775 0.789989
785 2.53861 0.769246
786 1.62961 0.496546
787 2.60785 0.790019
788 2.48939 0.754481
789 2.48795 0.754049
790 -1.13927 -0.334119
791 2.39557 0.726334
792 2.48718 0.753817
793 2.48738 0.753878
794 2.48722 0.75383
795 2.50394 0.758844
796 2.48737 0.753873
797 2.42245 0.734398
798 2.4874 0.753882
799 2.49038 0.754778
800 -0.0787944 -0.0159753
801 2.49661 0.756647
802 1.2589 0.385333
803 2.46622 0.747528
804 2.48712 0.753798
805 2.4874 0.753883
806 1.78366 0.54276
807 2.49593 0.756443
808 2.94756 0.89193
809 2.48726 0.753841
810 2.48501 0.753166
811 2.48731 0.753857
812 2.48689 0.753731
813 2.59607 0.898259
814 -2.35417 -1.2
815 -1.3768 -0.0858294
816 -2.02479 -1.2
817 -1.37814 0.231228
818 -1.30835 -0.326003
819 -1.38172 -0.492568
820 -1.394 -0.436538
821 -1.34401 -0.36063
822 -1.37806 -0.456257
823 -1.43882 -0.502633
824 -2.15864 -1.2
825 -1.50391 0.189672
826 -1.49985 -0.461281
827 -1.51783 -0.490236
828 -1.52822 -0.487295
829 -1.60043 -0.572371
830 -1.53881 -0.421604
831 -1.55713 -0.508596
832 -2.26695 -1.2
833 -1.63561 0.113621
834 -1.5295 -0.381302
835 -1.53622 -0.497687
836 -1.52698 -0.480483
837 -1.5675 -0.54397
838 -1.48945 -0.403466
839 -1.48789 -0.480983
840 -2.18618 -1.2
841 -1.57099 0.103971
842 -1.45394 -0.360517
843 -1.45773 -0.483949
844 -1.4508 -0.47261
845 -1.49649 -0.540416
846 -1.43874 -0.421101
847 -1.43617 -0.476948
848 -2.15708 -1.2
849 -1.53772 0.105687
850 -1.45982 -0.413871
851 -1.45735 -0.490008
852 -1.46579 -0.504917
853 -1.51012 -0.555614
854 -1.45391 -0.439673
855 -1.47623 -0.52637
856 -2.2018 -1.2
857 -1.56947 0.0965419
858 -1.47725 -0.417384
859 -1.49871 -0.539012
860 -1.50241 -0.523848
861 -1.56023 -0.596881
862 -1.49494 -0.455675
863 -1.49553 -0.523237
864 -2.21235 -0.737685
865 -1.58679 0.0739515
866 -1.48913 -0.426138
867 -1.50172 -0.541661
868 -1.48793 -0.51264
869 -1.54369 -0.60046
870 -1.47973 -0.463035
871 -1.48838 -0.53972
872 -2.19368 -1.2
873 -1.56549 0.0702257
874 -1.47293 -0.439109
875 -1.48082 -0.543414
876 -1.47087 -0.52406
877 -1.5303 -0.612789
878 -1.47067 -0.477316
879 -1.47722 -0.546937
880 -2.18872 -1.2
881 -1.56335 0.0553953
882 -1.47598 -0.457882
883 -1.48187 -0.554383
884 -1.47305 -0.544378
885 -1.54527 -0.644226
886 -1.48362 -0.553508
887 -1.48605 -0.558157
888 -2.20348 -1.2
889 -1.57246 0.0455941
890 -1.48816 -0.477324
891 -1.48996 -0.565445
892 -1.48899 -0.563875
893 -1.55613 -0.653685
894 -1.48831 -0.499875
895 -1.48739 -0.567972
896 -2.21077 -1.2
897 -1.57487 0.0369705
898 -1.48745 -0.486781
899 -1.48448 -0.571811
900 -1.48282 -0.57411
901 -1.55421 -0.670128
902 -1.4856 -0.511037
903 -1.48524 -0.580655
904 -2.20962 -1.2
905 -1.56636 0.0341303
906 -1.4661 -0.48026
907 -1.46461 -0.580047
908 -1.43749 -0.547726
909 -1.48593 -0.639297
910 -1.42013 -0.506743
911 -1.40232 -0.550787
912 -1.36959 -0.52742
913 -1.31574 -0.491449
914 -2.08329 -1.2
915 -1.37755 0.13843
916 -1.31162 -0.482917
917 -1.23391 -0.449058
918 -1.17817 -0.455484
919 -1.21619 -0.56186
920 -1.20362 -0.508713
921 -1.17439 -0.48445
922 -1.79258 -1.2
923 -1.18945 0.0819463
924 -1.16866 -0.495322
925 -1.07205 -0.391591
926 -1.02066 -0.422415
927 -1.02703 -0.480962
928 -0.964396 -0.458982
929 -0.994675 -0.485195
930 -1.71182 -1.2
931 -1.02184 0.209033
932 -0.899584 -0.322899
933 -0.912063 -0.462296
934 -0.906062 -0.442921
935 -0.847394 -0.373502
936 -0.783912 -0.350426
937 -0.695552 -0.299736
938 -1.44557 -1.2
939 -0.844101 0.166521
940 -0.615361 -0.138204
941 -0.535267 -0.263357
942 -0.544615 -0.356148
943 -0.53806 -0.338817
944 -0.658275 -0.502309
945 -0.569013 -0.311823
946 -1.23331 -1.2
947 -0.550396 0.330259
948 -0.513858 -0.305666
949 -0.399954 -0.19453
950 -0.469044 -0.39872
951 -0.512319 -0.386399
952 -0.384531 -0.241663
953 -0.095004 0.0707326
954 -0.778243 -1.10778
955 -0.42644 -0.143954
956 0.0997484 0.364289
957 0.312598 0.115117
958 0.332531 -0.0714865
959 0.100653 -0.392761
960 0.461953 0.129082
961 0.565034 0.0830013
962 -0.168014 -0.973209
963 0.303838 0.37355
964 0.498155 0.154808
965 0.565531 0.0486453
966 0.486351 -0.121179
967 0.313049 -0.266978
968 0.373982 -0.014088
969 0.474641 0.0563095
970 -0.435678 -1.2
971 0.0408933 0.301703
972 0.148798 -0.0882472
973 0.256853 -0.00147204
974 -0.00377132 -0.318033
975 0.104244 -0.1011
976 -0.16657 -0.507333
977 -0.165248 -0.234965
978 -1.10795 -1.2
979 -0.465505 -0.327472
980 -0.399338 -0.307623
981 -0.397824 -0.306052
982 -1.67856 -0.691788
983 -0.811695 -0.145206
984 -0.020948 0.198393
985 0.41651 0.372132
986 -0.332867 -0.665494
987 -0.488066 -0.493052
988 0.432668 0.859534
989 0.721321 0.31477
990 0.8671 0.216497
991 0.866193 0.0704049
992 0.53587 -0.357572
993 0.535159 -0.0276384
994 -0.248181 -1.04552
995 0.45935 0.658072
996 0.31184 -0.24091
997 0.263821 -0.155561
998 0.521065 0.227397
999 0.428877 -0.149263
1000 0.37228 -0.130279
1001 0.278526 -0.195284
1002 -0.259655 -0.801424
1003 0.182661 0.311951
1004 0.267596 -0.0196832
1005 0.0744403 -0.355646
1006 0.162076 -0.048401
1007 -0.0335175 -0.390343
1008 0.013879 -0.13312
1009 -0.10638 -0.336959
1010 -0.916861 -1.2
1011 -0.274829 0.373605
1012 -0.0519145 0.0213102
1013 -0.193125 -0.38537
1014 -0.13054 -0.162931
