1 -1.02493 0 0.3
2 -0.808076 0 0.3
3 -0.672704 0 0.3
4 -0.685638 0 0.3
5 -0.685157 0 0.3
6 -0.63105 0 0.3
7 -0.660373 0 0.3
8 -0.575065 0 0.3
9 -0.539327 0 0.3
10 -0.524402 0 0.3
11 -0.514246 0 0.3
12 -0.541567 0 0.3
13 -0.508782 0 0.3
14 -0.504504 0 0.3
15 -0.510847 0 0.3
16 -0.500281 0 0.3
17 -0.498714 0 0.3
18 -0.5233 0 0.3
19 -0.527332 0 0.3
20 -0.497366 0 0.3
21 -0.511953 0 0.3
22 -0.523797 0 0.3
23 -0.70702 0 0.3
24 -0.729053 0 0.3
25 -0.717768 0 0.3
26 -0.834267 0 0.3
27 -0.64472 0 0.3
28 -0.577663 0 0.3
29 -0.710732 0 0.3
30 -0.688911 0 0.3
31 -0.728537 0 0.3
32 -0.892201 0 0.3
33 -0.718123 0 0.3
34 -0.651719 0 0.3
35 -0.759297 0 0.3
36 -0.73831 0 0.3
37 -0.763412 0 0.3
38 -0.716542 0 0.3
39 -0.752636 0 0.3
40 -0.781219 0 0.3
41 -0.741111 0 0.3
42 -0.778028 0 0.3
43 -0.719758 0 0.3
44 -0.745288 0 0.3
45 -0.822186 0 0.3
46 -1.99668 0 0.3
47 -1.96602 0 0.3
48 -1.99024 0 0.3
49 -1.98951 0 0.3
50 -1.99108 0 0.3
51 -1.98391 0 0.3
52 -1.97743 0 0.3
53 -1.98966 0 0.3
54 -1.96559 0 0.3
55 -1.98657 0 0.3
56 -1.9922 0 0.3
57 -1.9844 0 0.3
58 -1.98405 0 0.3
59 -1.98157 0 0.3
60 -1.97898 0 0.3
61 -1.99628 0 0.3
62 -1.96187 0 0.3
63 -1.99307 0 0.3
64 -1.96632 0 0.3
65 -1.96732 0 0.3
66 -1.99022 0 0.3
67 -1.98949 0 0.3
68 -1.98606 0 0.3
69 -1.97948 0 0.3
70 -1.99241 0 0.3
71 -1.99778 0 0.3
72 -1.99283 0 0.3
73 -1.98542 0 0.3
74 -1.9984 0 0.3
75 -1.9983 0 0.3
76 -1.99509 0 0.3
77 -1.98451 0 0.3
78 -1.99712 0 0.3
79 -1.97827 0 0.3
80 -1.99785 0 0.3
81 -1.99987 0 0.3
82 -1.97252 0 0.3
83 -1.98697 0 0.3
84 -1.96132 0 0.3
85 -1.99818 0 0.3
86 -0.997143 0 0.3
87 -0.991036 0 0.3
88 -0.999633 0 0.3
89 -0.998125 0 0.3
90 -0.998399 0 0.3
91 -0.987132 0 0.3
92 -0.984985 0 0.3
93 -0.975393 0 0.3
94 -0.985723 0 0.3
95 -0.998856 0 0.3
96 0 0 0.3
97 0.0122878 0 0.3
98 0.0106957 0 0.3
99 -1.99319 0 0.3
100 -1.9803 0 0.3
101 -2.97155 0 0.3
102 -2.99961 0 0.3
103 -2.97355 0 0.3
104 -2.97355 0 0.3
105 -2.97355 0 0.3
106 -2.97355 0 0.3
107 -2.99896 0 0.3
108 -2.99896 0 0.3
109 -2.99896 0 0.3
110 -2.99896 0 0.3
111 -2.99896 0 0.3
112 -2.99953 0 0.3
113 -2.99953 0 0.3
114 -2.99953 0 0.3
115 -2.99953 0 0.3
116 -2.99953 0 0.3
117 -2.99769 0 0.3
118 -2.99769 0 0.3
119 -2.99769 0 0.3
120 -2.99769 0 0.3
121 -2.99769 0 0.3
122 -3 0 0.3
123 -3 0 0.3
124 -3 0 0.3
125 -3 0 0.3
126 -2.99832 0 0.3
127 -2.99832 0 0.3
128 -2.99832 0 0.3
129 -2.99832 0 0.3
130 -2.99832 0 0.3
131 -2.99903 0 0.3
132 -2.99903 0 0.3
133 -2.99903 0 0.3
134 -2.99903 0 0.3
135 -2.99903 0 0.3
136 -2.99743 0 0.3
137 -2.99743 0 0.3
138 -2.99743 0 0.3
139 -2.99743 0 0.3
140 -2.99743 0 0.3
141 -2.98496 0 0.3
142 -2.98496 0 0.3
143 -2.98496 0 0.3
144 -2.98496 0 0.3
145 -2.98496 0 0.3
146 -2.99937 0 0.3
147 -2.99937 0 0.3
148 -2.99937 0 0.3
149 -2.99937 0 0.3
150 -2.99937 0 0.3
151 -2.99937 0 0.3
152 -2.99937 0 0.3
153 -2.96208 0 0.3
154 -2.96208 0 0.3
155 -2.96208 0 0.3
156 -2.96208 0 0.3
157 -2.98299 0 0.3
158 -2.98299 0 0.3
159 -2.98299 0 0.3
160 -2.98299 0 0.3
161 -2.98299 0 0.3
162 -2.98689 0 0.3
163 -2.98689 0 0.3
164 -2.98689 0 0.3
165 -2.98689 0 0.3
166 -2.98727 0 0.3
167 -2.98727 0 0.3
168 -2.98727 0 0.3
169 -2.98727 0 0.3
170 -2.98727 0 0.3
171 -2.99586 0 0.3
172 -2.99586 0 0.3
173 -2.99014 0 0.3
174 -2.9695 0 0.3
175 -2.99495 0 0.3
176 -2.98104 0 0.3
177 -2.98104 0 0.3
178 -2.98104 0 0.3
179 -2.98104 0 0.3
180 -2.99256 0 0.3
181 -2.99256 0 0.3
182 -2.99256 0 0.3
183 -2.99256 0 0.3
184 -2.99256 0 0.3
185 -2.97948 0 0.3
186 -2.97948 0 0.3
187 -2.97948 0 0.3
188 -2.97948 0 0.3
189 -2.97948 0 0.3
190 -2.98848 0 0.3
191 -2.98848 0 0.3
192 -2.98848 0 0.3
193 -2.98848 0 0.3
194 -2.98848 0 0.3
195 -2.97933 0 0.3
196 -2.97933 0 0.3
197 -2.97933 0 0.3
198 -2.97933 0 0.3
199 -2.97514 0 0.3
200 -2.97514 0 0.3
201 -2.97514 0 0.3
202 -2.97514 0 0.3
203 -2.97514 0 0.3
204 -2.99335 0 0.3
205 -2.99335 0 0.3
206 -2.99335 0 0.3
207 -2.99335 0 0.3
208 -2.99335 0 0.3
209 -2.99572 0 0.3
210 -2.99572 0 0.3
211 -2.99572 0 0.3
212 -2.99572 0 0.3
213 -2.99572 0 0.3
214 -2.99653 0 0.3
215 -2.99653 0 0.3
216 -2.99653 0 0.3
217 -2.99653 0 0.3
218 -2.99653 0 0.3
219 -2.99744 0 0.3
220 -2.99744 0 0.3
221 -2.99744 0 0.3
222 -2.99744 0 0.3
223 -3 0 0.3
224 -3 0 0.3
225 -3 0 0.3
226 -3 0 0.3
227 -2.99897 0 0.3
228 -2.99897 0 0.3
229 -2.99897 0 0.3
230 -2.99897 0 0.3
231 -2.99897 0 0.3
232 -2.99745 0 0.3
233 -2.99745 0 0.3
234 -2.99745 0 0.3
235 -2.99745 0 0.3
236 -2.99745 0 0.3
237 -2.99951 0 0.3
238 -2.99951 0 0.3
239 -2.99951 0 0.3
240 -2.99951 0 0.3
241 -2.99951 0 0.3
242 -2.99803 0 0.3
243 -2.99803 0 0.3
244 -2.99803 0 0.3
245 -2.99803 0 0.3
246 -2.99803 0 0.3
247 -2.99599 0 0.3
248 -2.99599 0 0.3
249 -2.99599 0 0.3
250 -2.99599 0 0.3
251 -2.99599 0 0.3
252 -2.9824 0 0.3
253 -2.9824 0 0.3
254 -2.9824 0 0.3
255 -2.9824 0 0.3
256 -2.9824 0 0.3
257 -2.97604 0 0.3
258 -2.97604 0 0.3
259 -2.97604 0 0.3
260 -2.97604 0 0.3
261 -2.97604 0 0.3
262 -2.99393 0 0.3
263 -2.99393 0 0.3
264 -2.99393 0 0.3
265 -2.99393 0 0.3
266 -2.99393 0 0.3
267 -2.9895 0 0.3
268 -2.9895 0 0.3
269 -2.9895 0 0.3
270 -2.9895 0 0.3
271 -2.98405 0 0.3
272 -2.98405 0 0.3
273 -2.98405 0 0.3
274 -2.98405 0 0.3
275 -2.98405 0 0.3
276 -2.99078 0 0.3
277 -2.99078 0 0.3
278 -2.99078 0 0.3
279 -2.99078 0 0.3
280 -2.99078 0 0.3
281 -2.99337 0 0.3
282 -2.99337 0 0.3
283 -2.99337 0 0.3
284 -2.99337 0 0.3
285 -2.99337 0 0.3
286 -2.99951 0 0.3
287 -2.99951 0 0.3
288 -2.99951 0 0.3
289 -2.99951 0 0.3
290 -2.99951 0 0.3
291 -2.99607 0 0.3
292 -2.99607 0 0.3
293 -2.99607 0 0.3
294 -2.99607 0 0.3
295 -2.9977 0 0.3
296 -2.9977 0 0.3
297 -2.9977 0 0.3
298 -2.9977 0 0.3
299 -2.9977 0 0.3
300 -3 0 0.3
301 -3 0 0.3
302 -3 0 0.3
303 -3 0 0.3
304 -3 0 0.3
305 -2.98508 0 0.3
306 -2.98508 0 0.3
307 -2.98508 0 0.3
308 -2.98508 0 0.3
309 -2.98508 0 0.3
310 -2.99335 0 0.3
311 -2.99335 0 0.3
312 -2.99335 0 0.3
313 -2.99335 0 0.3
314 -2.99335 0 0.3
315 -2.99503 0 0.3
316 -2.99503 0 0.3
317 -2.99503 0 0.3
318 -2.99503 0 0.3
319 -2.98823 0 0.3
320 -2.98823 0 0.3
321 -2.98823 0 0.3
322 -2.98823 0 0.3
323 -2.98823 0 0.3
324 -2.99414 0 0.3
325 -2.99414 0 0.3
326 -2.99414 0 0.3
327 -2.99414 0 0.3
328 -2.99352 0 0.3
329 -2.99352 0 0.3
330 -2.99352 0 0.3
331 -2.99352 0 0.3
332 -2.99352 0 0.3
333 -2.98946 0 0.3
334 -2.98946 0 0.3
335 -2.98946 0 0.3
336 -2.98946 0 0.3
337 -2.98946 0 0.3
338 -2.99401 0 0.3
339 -2.99401 0 0.3
340 -2.99401 0 0.3
341 -2.99401 0 0.3
342 -2.99401 0 0.3
343 -2.99536 0 0.3
344 -2.99536 0 0.3
345 -2.99536 0 0.3
346 -2.99536 0 0.3
347 -2.9948 0 0.3
348 -2.9948 0 0.3
349 -2.9948 0 0.3
350 -2.9948 0 0.3
351 -2.9948 0 0.3
352 -2.98391 0 0.3
353 -2.98391 0 0.3
354 -2.98391 0 0.3
355 -2.98391 0 0.3
356 -2.98391 0 0.3
357 -2.99328 0 0.3
358 -2.99328 0 0.3
359 -2.99328 0 0.3
360 -2.99328 0 0.3
361 -2.99328 0 0.3
362 -2.99926 0 0.3
363 -2.99926 0 0.3
364 -2.99926 0 0.3
365 -2.99926 0 0.3
366 -2.99926 0 0.3
367 -2.99768 0 0.3
368 -2.99768 0 0.3
369 -2.99768 0 0.3
370 -2.99768 0 0.3
371 -2.99768 0 0.3
372 -2.99783 0 0.3
373 -2.99783 0 0.3
374 -2.99783 0 0.3
375 -2.99783 0 0.3
376 -2.99783 0 0.3
377 -2.99906 0 0.3
378 -2.99906 0 0.3
379 -2.99906 0 0.3
380 -2.99906 0 0.3
381 -2.99906 0 0.3
382 -2.99782 0 0.3
383 -2.99782 0 0.3
384 -2.99782 0 0.3
385 -2.99782 0 0.3
386 -2.99782 0 0.3
387 -2.99895 0 0.3
388 -2.99895 0 0.3
389 -2.99895 0 0.3
390 -2.99895 0 0.3
391 -2.99895 0 0.3
392 -2.99745 0 0.3
393 -2.99745 0 0.3
394 -2.99745 0 0.3
395 -2.99745 0 0.3
396 -2.99745 0 0.3
397 -2.98666 0 0.3
398 -2.98666 0 0.3
399 -2.98666 0 0.3
400 -2.98666 0 0.3
401 -2.98666 0 0.3
402 -2.98202 0 0.3
403 -2.98202 0 0.3
404 -2.98202 0 0.3
405 -2.98202 0 0.3
406 -2.98202 0 0.3
407 -2.97975 0 0.3
408 -2.97975 0 0.3
409 -2.97975 0 0.3
410 -2.97975 0 0.3
411 -2.97975 0 0.3
412 -2.99188 0 0.3
413 -2.99188 0 0.3
414 -2.99188 0 0.3
415 -2.99188 0 0.3
416 -2.99188 0 0.3
417 -2.99889 0 0.3
418 -2.99889 0 0.3
419 -2.99889 0 0.3
420 -2.99889 0 0.3
421 -2.99889 0 0.3
422 -2.99941 0 0.3
423 -2.99941 0 0.3
424 -2.99941 0 0.3
425 -2.99941 0 0.3
426 -2.99941 0 0.3
427 -3 0 0.3
428 -3 0 0.3
429 -3 0 0.3
430 -3 0 0.3
431 -3 0 0.3
432 -2.99866 0 0.3
433 -2.99866 0 0.3
434 -2.99866 0 0.3
435 -2.99866 0 0.3
436 -2.99866 0 0.3
437 -2.98896 0 0.3
438 -2.98896 0 0.3
439 -2.98896 0 0.3
440 -2.98896 0 0.3
441 -2.98896 0 0.3
442 -2.99823 0 0.3
443 -2.99823 0 0.3
444 -2.99823 0 0.3
445 -2.99823 0 0.3
446 -2.99823 0 0.3
447 -2.99605 0 0.3
448 -2.99605 0 0.3
449 -2.99605 0 0.3
450 -2.99605 0 0.3
451 -2.99785 0 0.3
452 -2.99785 0 0.3
453 -2.99785 0 0.3
454 -2.99785 0 0.3
455 -2.99785 0 0.3
456 -2.99725 0 0.3
457 -2.99725 0 0.3
458 -2.99725 0 0.3
459 -2.99725 0 0.3
460 -2.99725 0 0.3
461 -2.99626 0 0.3
462 -2.99626 0 0.3
463 -2.99626 0 0.3
464 -2.99626 0 0.3
465 -2.99626 0 0.3
466 -2.99855 0 0.3
467 -2.99855 0 0.3
468 -2.99855 0 0.3
469 -2.99855 0 0.3
470 -2.99855 0 0.3
471 -2.9974 0 0.3
472 -2.9974 0 0.3
473 -2.9974 0 0.3
474 -2.9974 0 0.3
475 -2.9974 0 0.3
476 -2.99592 0 0.3
477 -2.99592 0 0.3
478 -2.99592 0 0.3
479 -2.99592 0 0.3
480 -2.99592 0 0.3
481 -2.98999 0 0.3
482 -2.98999 0 0.3
483 -2.98999 0 0.3
484 -2.98999 0 0.3
485 -2.98999 0 0.3
486 -2.99807 0 0.3
487 -2.99807 0 0.3
488 -2.99807 0 0.3
489 -2.99807 0 0.3
490 -2.99807 0 0.3
491 -2.99675 0 0.3
492 -2.99675 0 0.3
493 -2.99675 0 0.3
494 -2.99675 0 0.3
495 -2.99675 0 0.3
496 -2.9971 0 0.3
497 -2.9971 0 0.3
498 -2.9971 0 0.3
499 -2.9971 0 0.3
500 -2.9971 0 0.3
501 -2.9992 0 0.3
502 -2.9992 0 0.3
503 -2.9992 0 0.3
504 -2.9992 0 0.3
505 -2.9992 0 0.3
506 -2.99254 0 0.3
507 -2.99254 0 0.3
508 -2.99254 0 0.3
509 -2.99254 0 0.3
510 -2.99254 0 0.3
511 -2.9875 0 0.3
512 -2.9875 0 0.3
513 -2.9875 0 0.3
514 -2.9875 0 0.3
515 -2.9875 0 0.3
516 -2.99901 0 0.3
517 -2.99901 0 0.3
518 -2.99901 0 0.3
519 -2.99901 0 0.3
520 -2.99901 0 0.3
521 -2.99347 0 0.3
522 -2.99347 0 0.3
523 -2.99347 0 0.3
524 -2.99347 0 0.3
525 -2.99347 0 0.3
526 -2.99351 0 0.3
527 -2.99351 0 0.3
528 -2.99351 0 0.3
529 -2.99351 0 0.3
530 -2.99351 0 0.3
531 -2.99499 0 0.3
532 -2.99499 0 0.3
533 -2.99499 0 0.3
534 -2.99499 0 0.3
535 -2.99499 0 0.3
536 -2.96835 0 0.3
537 -2.96835 0 0.3
538 -2.96835 0 0.3
539 -2.96835 0 0.3
540 -2.96835 0 0.3
541 -2.97083 0 0.3
542 -2.97083 0 0.3
543 -2.97083 0 0.3
544 -2.97083 0 0.3
545 -2.97083 0 0.3
546 -2.973 0 0.3
547 -2.973 0 0.3
548 -2.973 0 0.3
549 -2.973 0 0.3
550 -2.973 0 0.3
551 -2.97432 0 0.3
552 -2.97432 0 0.3
553 -2.97432 0 0.3
554 -2.97432 0 0.3
555 -2.97432 0 0.3
556 -2.99286 0 0.3
557 -2.99286 0 0.3
558 -2.99286 0 0.3
559 -2.99286 0 0.3
560 -2.99286 0 0.3
561 -2.99408 0 0.3
562 -2.99408 0 0.3
563 -2.99408 0 0.3
564 -2.99408 0 0.3
565 -2.99408 0 0.3
566 -2.99913 0 0.3
567 -2.99913 0 0.3
568 -2.99913 0 0.3
569 -2.99913 0 0.3
570 -2.99116 0 0.3
571 -2.99116 0 0.3
572 -2.99116 0 0.3
573 -2.99116 0 0.3
574 -2.99116 0 0.3
575 -2.98421 0 0.3
576 -2.98421 0 0.3
577 -2.98421 0 0.3
578 -2.98421 0 0.3
579 -2.98421 0 0.3
580 -2.9896 0 0.3
581 -2.9896 0 0.3
582 -2.9896 0 0.3
583 -2.9896 0 0.3
584 -2.9896 0 0.3
585 -2.9821 0 0.3
586 -2.9821 0 0.3
587 -2.9821 0 0.3
588 -2.9821 0 0.3
589 -2.9821 0 0.3
590 -2.9845 0 0.3
591 -2.9845 0 0.3
592 -2.9845 0 0.3
593 -2.9845 0 0.3
594 -2.9845 0 0.3
595 -2.98509 0 0.3
596 -2.98509 0 0.3
597 -2.98509 0 0.3
598 -2.98509 0 0.3
599 -2.98509 0 0.3
600 -2.98625 0 0.3
601 -2.98625 0 0.3
602 -2.98625 0 0.3
603 -2.98625 0 0.3
604 -2.98625 0 0.3
605 -2.98442 0 0.3
606 -2.98442 0 0.3
607 -2.98442 0 0.3
608 -2.98442 0 0.3
609 -2.98442 0 0.3
610 -2.984 0 0.3
611 -2.984 0 0.3
612 -2.984 0 0.3
613 -2.984 0 0.3
614 -2.984 0 0.3
615 -2.99088 0 0.3
616 -2.99088 0 0.3
617 -2.99088 0 0.3
618 -2.99088 0 0.3
619 -2.99088 0 0.3
620 -2.99088 0 0.3
621 -2.98786 0 0.3
622 -2.98786 0 0.3
623 -2.98786 0 0.3
624 -2.98786 0 0.3
625 -2.98786 0 0.3
626 -2.98469 0 0.3
627 -2.98469 0 0.3
628 -2.98469 0 0.3
629 -2.98469 0 0.3
630 -2.98469 0 0.3
631 -2.98477 0 0.3
632 -2.98477 0 0.3
633 -2.98477 0 0.3
634 -2.98477 0 0.3
635 -2.98477 0 0.3
636 -2.98503 0 0.3
637 -2.98503 0 0.3
638 -2.98503 0 0.3
639 -2.98503 0 0.3
640 -2.98503 0 0.3
641 -2.97976 0 0.3
642 -2.97976 0 0.3
643 -2.97976 0 0.3
644 -2.97976 0 0.3
645 -2.97976 0 0.3
646 -2.98263 0 0.3
647 -2.98263 0 0.3
648 -2.98263 0 0.3
649 -2.98263 0 0.3
650 -2.98263 0 0.3
651 -2.98138 0 0.3
652 -2.98138 0 0.3
653 -2.98138 0 0.3
654 -2.98138 0 0.3
655 -2.98138 0 0.3
656 -2.98245 0 0.3
657 -2.98245 0 0.3
658 -2.98245 0 0.3
659 -2.98245 0 0.3
660 -2.98245 0 0.3
661 -2.99359 0 0.3
662 -2.99359 0 0.3
663 -2.99359 0 0.3
664 -2.99359 0 0.3
665 -2.99359 0 0.3
666 -2.98692 0 0.3
667 -2.98692 0 0.3
668 -2.98692 0 0.3
669 -2.98692 0 0.3
670 -2.98692 0 0.3
671 -2.98645 0 0.3
672 -2.98645 0 0.3
673 -2.98645 0 0.3
674 -2.98645 0 0.3
675 -2.98645 0 0.3
676 -2.98781 0 0.3
677 -2.98781 0 0.3
678 -2.98781 0 0.3
679 -2.98781 0 0.3
680 -2.98781 0 0.3
681 -2.99031 0 0.3
682 -2.99031 0 0.3
683 -2.99031 0 0.3
684 -2.99031 0 0.3
685 -2.99031 0 0.3
686 -3 0 0.3
687 -3 0 0.3
688 -3 0 0.3
689 -3 0 0.3
690 -3 0 0.3
691 -3 0 0.3
692 -2.99977 0 0.3
693 -2.99977 0 0.3
694 -2.99977 0 0.3
695 -2.99977 0 0.3
696 -2.99977 0 0.3
697 -2.99911 0 0.3
698 -2.99911 0 0.3
699 -2.99911 0 0.3
700 -2.99911 0 0.3
701 -2.99911 0 0.3
702 -2.99262 0 0.3
703 -2.99262 0 0.3
704 -2.99262 0 0.3
705 -2.99262 0 0.3
706 -2.99262 0 0.3
707 -2.97799 0 0.3
708 -2.97799 0 0.3
709 -2.97799 0 0.3
710 -2.97799 0 0.3
711 -2.97799 0 0.3
712 -2.99064 0 0.3
713 -2.99064 0 0.3
714 -2.99064 0 0.3
715 -2.99064 0 0.3
716 -2.99064 0 0.3
717 -2.98709 0 0.3
718 -2.98709 0 0.3
719 -2.98709 0 0.3
720 -2.98709 0 0.3
721 -2.98709 0 0.3
722 -2.99013 0 0.3
723 -2.99013 0 0.3
724 -2.99013 0 0.3
725 -2.99013 0 0.3
726 -2.99013 0 0.3
727 -2.98954 0 0.3
728 -2.98954 0 0.3
729 -2.98954 0 0.3
730 -2.98954 0 0.3
731 -2.98954 0 0.3
732 -2.98148 0 0.3
733 -2.98148 0 0.3
734 -2.98148 0 0.3
735 -2.98148 0 0.3
736 -2.98148 0 0.3
737 -2.9969 0 0.3
738 -2.9969 0 0.3
739 -2.9969 0 0.3
740 -2.9969 0 0.3
741 -2.9969 0 0.3
742 -2.99923 0 0.3
743 -2.99923 0 0.3
744 -2.99923 0 0.3
745 -2.99923 0 0.3
746 -2.99923 0 0.3
747 -2.99715 0 0.3
748 -2.99715 0 0.3
749 -2.99715 0 0.3
750 -2.99715 0 0.3
751 -2.99715 0 0.3
752 -2.99764 0 0.3
753 -2.99764 0 0.3
754 -2.99764 0 0.3
755 -2.99764 0 0.3
756 -2.99764 0 0.3
757 -2.99747 0 0.3
758 -2.99747 0 0.3
759 -2.99747 0 0.3
760 -2.99747 0 0.3
761 -2.99747 0 0.3
762 -2.98827 0 0.3
763 -2.98827 0 0.3
764 -2.98827 0 0.3
765 -2.98827 0 0.3
766 -2.98827 0 0.3
767 -2.9958 0 0.3
768 -2.9958 0 0.3
769 -2.9958 0 0.3
770 -2.9958 0 0.3
771 -2.9958 0 0.3
772 -2.99766 0 0.3
773 -2.99766 0 0.3
774 -2.99766 0 0.3
775 -2.99766 0 0.3
776 -2.99766 0 0.3
777 -2.99954 0 0.3
778 -2.99954 0 0.3
779 -2.99954 0 0.3
780 -2.99954 0 0.3
781 -2.99954 0 0.3
782 -2.99891 0 0.3
783 -2.99891 0 0.3
784 -2.99891 0 0.3
785 -2.99891 0 0.3
786 -2.99891 0 0.3
787 -2.99765 0 0.3
788 -2.99765 0 0.3
789 -2.99765 0 0.3
790 -2.99765 0 0.3
791 -2.99765 0 0.3
792 -2.991 0 0.3
793 -2.991 0 0.3
794 -2.991 0 0.3
795 -2.991 0 0.3
796 -2.991 0 0.3
797 -2.98428 0 0.3
798 -2.98428 0 0.3
799 -2.98428 0 0.3
800 -2.98428 0 0.3
801 -2.98428 0 0.3
802 -2.98885 0 0.3
803 -2.98885 0 0.3
804 -2.98885 0 0.3
805 -2.98885 0 0.3
806 -2.98885 0 0.3
807 -2.98514 0 0.3
808 -2.98514 0 0.3
809 -2.98514 0 0.3
810 -2.98514 0 0.3
811 -2.98514 0 0.3
812 -2.99166 0 0.3
813 -2.96986 0 0.3
814 -2.96133 0 0.3
815 -2.99584 0 0.3
816 -2.9897 0 0.3
817 -2.98757 0 0.3
818 -2.99844 0 0.3
819 -2.99785 0 0.3
820 -2.9966 0 0.3
821 -2.9966 0 0.3
822 -2.98738 0 0.3
823 -2.99327 0 0.3
824 -2.99944 0 0.3
825 -2.97507 0 0.3
826 -2.99583 0 0.3
827 -2.98717 0 0.3
828 -2.99488 0 0.3
829 -2.99818 0 0.3
830 -2.99661 0 0.3
831 -2.9964 0 0.3
832 -2.99743 0 0.3
833 -2.99662 0 0.3
834 -2.99768 0 0.3
835 -2.99946 0 0.3
836 -2.99873 0 0.3
837 -2.99269 0 0.3
838 -2.99355 0 0.3
839 -2.9933 0 0.3
840 -2.99948 0 0.3
841 -2.99955 0 0.3
842 -2.99556 0 0.3
843 -2.98431 0 0.3
844 -2.99409 0 0.3
845 -2.97295 0 0.3
846 -2.98748 0 0.3
847 -2.99482 0 0.3
848 -2.99756 0 0.3
849 -2.98841 0 0.3
850 -2.99903 0 0.3
851 -2.99829 0 0.3
852 -2.98629 0 0.3
853 -2.99642 0 0.3
854 -2.99963 0 0.3
855 -2.99527 0 0.3
856 -2.99839 0 0.3
857 -2.9681 0 0.3
858 -2.98847 0 0.3
859 -2.99909 0 0.3
860 -2.99931 0 0.3
861 -2.99809 0 0.3
862 -2.99762 0 0.3
863 -2.97783 0 0.3
864 -2.99591 0 0.3
865 -2.99567 0 0.3
866 -2.99923 0 0.3
867 -2.99834 0 0.3
868 -2.99873 0 0.3
869 -3 0 0.3
870 -2.99849 0 0.3
871 -3 0 0.3
872 -2.99996 0 0.3
873 -2.97231 0 0.3
874 -2.98647 0 0.3
875 -2.99655 0 0.3
876 -2.99635 0 0.3
877 -2.99719 0 0.3
878 -2.99204 0 0.3
879 -2.98768 0 0.3
880 -2.99644 0 0.3
881 -2.99606 0 0.3
882 -2.9993 0 0.3
883 -2.99194 0 0.3
884 -2.99157 0 0.3
885 -2.99952 0 0.3
886 -2.99461 0 0.3
887 -2.99832 0 0.3
888 -2.9886 0 0.3
889 -2.98825 0 0.3
890 -2.99097 0 0.3
891 -2.99812 0 0.3
892 -2.99867 0 0.3
893 -2.98885 0 0.3
894 -2.9898 0 0.3
895 -2.99688 0 0.3
896 -2.99592 0 0.3
897 -1.9987 0 0.3
898 -1.98637 0 0.3
899 -1.99551 0 0.3
900 -1.97272 0 0.3
901 -2 0 0.3
902 -1.98771 0 0.3
903 -1.99 0 0.3
904 -1.98873 0 0.3
905 -1.9876 0 0.3
906 -1.99945 0 0.3
907 -1.99012 0 0.3
908 -2 0 0.3
909 -1.98654 0 0.3
910 -1.993 0 0.3
911 -1.999 0 0.3
912 -1.98696 0 0.3
913 -1.99619 0 0.3
914 -1.98834 0 0.3
915 -1.9923 0 0.3
916 -1.99883 0 0.3
917 -1.99668 0 0.3
918 -2.99706 0 0.3
919 -2.99979 0 0.3
920 -2.99585 0 0.3
921 -2.99576 0 0.3
922 -2.99616 0 0.3
923 -2.99899 0 0.3
924 -2.98754 0 0.3
925 -2.99565 0 0.3
926 -2.9989 0 0.3
927 -2.99669 0 0.3
928 -1.97504 0 0.3
929 -1.99702 0 0.3
930 -1.99219 0 0.3
931 -1.99961 0 0.3
932 -1.9991 0 0.3
933 -2.98532 0 0.3
934 -2.9943 0 0.3
935 -2.99025 0 0.3
936 -2.99442 0 0.3
937 -1.99201 0 0.3
938 -1.99747 0 0.3
939 -1.99292 0 0.3
940 -1.99549 0 0.3
941 -1.99757 0 0.3
942 -1.9936 0 0.3
943 -1.99749 0 0.3
944 -1.99472 0 0.3
945 -1.99919 0 0.3
946 -1.99882 0 0.3
947 -1.99877 0 0.3
948 -1.99806 0 0.3
949 -1.99891 0 0.3
950 -1.999 0 0.3
951 -1.99689 0 0.3
952 -1.99801 0 0.3
953 -2.99938 0 0.3
954 -2.99958 0 0.3
955 -2.99632 0 0.3
956 -2.99897 0 0.3
957 -2.99101 0 0.3
958 -2.99947 0 0.3
959 -2.99231 0 0.3
960 -2.986 0 0.3
961 -2.99889 0 0.3
962 -2.99956 0 0.3
963 -2.99913 0 0.3
964 -2.99201 0 0.3
965 -2.99889 0 0.3
966 -2.99919 0 0.3
967 -2.9879 0 0.3
968 -1.99745 0 0.3
969 -1.98298 0 0.3
970 -0.993901 0 0.3
971 -0.978344 0 0.3
972 -1 0 0.3
973 -0.999214 0 0.3
974 -0.999719 0 0.3
975 -0.997986 0 0.3
976 -0.999073 0 0.3
977 -0.996714 0 0.3
978 -0.998824 0 0.3
979 0.00671483 0 0.3
980 0.00215085 0 0.3
981 0.00443491 0 0.3
982 -1.99789 0 0.3
983 -1.99955 0 0.3
984 -2.99968 0 0.3
985 -2.99252 0 0.3
986 -1.97428 0 0.3
987 -1.96278 0 0.3
988 -1.99597 0 0.3
989 -1.96782 0 0.3
990 -1.98181 0 0.3
991 -2.99827 0 0.3
992 -2.99905 0 0.3
993 -2.99898 0 0.3
994 -2.99932 0 0.3
995 -2.99855 0 0.3
996 -2.98531 0 0.3
997 -2.98604 0 0.3
998 -2.9957 0 0.3
999 -2.99862 0 0.3
1000 -2.991 0 0.3
1001 -2.99081 0 0.3
1002 -2.99854 0 0.3
1003 -2.99156 0 0.3
1004 -2.99763 0 0.3
1005 -2.99521 0 0.3
1006 -2.98419 0 0.3
1007 -2.98116 0 0.3
1008 -2.99826 0 0.3
1009 -2.99363 0 0.3
1010 -2.9988 0 0.3
1011 -2.98838 0 0.3
1012 -2.99804 0 0.3
1013 -2.99871 0 0.3
1014 -2.9822 0 0.3
